{
 "cells": [
  {
   "cell_type": "code",
   "execution_count": 1,
   "id": "f24e9252-6242-4ec0-8b14-5f43178399a6",
   "metadata": {},
   "outputs": [
    {
     "name": "stdout",
     "output_type": "stream",
     "text": [
      "3\n",
      "<class 'int'>\n",
      "(4,)\n",
      "(4,)\n"
     ]
    }
   ],
   "source": [
    "import numpy as np\n",
    "\n",
    "t = [1, 3, 5, 6]\n",
    "\n",
    "print(t[1])\n",
    "print(type(t[1]))\n",
    "\n",
    "A = np.array([1, 3, 5, 6])\n",
    "\n",
    "#print(A[1])\n",
    "#print(type(A[1]))\n",
    "B = np.array([5, 6, 1, 2])\n",
    "print(np.shape(A))\n",
    "print(np.shape(A.T))  # transposition"
   ]
  },
  {
   "cell_type": "code",
   "execution_count": 2,
   "id": "0f04984c-2d9f-49cf-970b-b9010f33809e",
   "metadata": {},
   "outputs": [
    {
     "name": "stdout",
     "output_type": "stream",
     "text": [
      "[[1 3 5 6]\n",
      " [5 6 1 2]]\n",
      "(2, 4)\n"
     ]
    }
   ],
   "source": [
    "C = np.vstack([A, B])\n",
    "print(C)\n",
    "print(np.shape(C))"
   ]
  },
  {
   "cell_type": "code",
   "execution_count": 4,
   "id": "0de4e136-e4b8-4b1b-8a22-214f9a740287",
   "metadata": {},
   "outputs": [
    {
     "name": "stdout",
     "output_type": "stream",
     "text": [
      "(2, 4) x (4, 2)\n",
      "[[118  77]\n",
      " [ 83 111]]\n",
      "(2, 2)\n"
     ]
    }
   ],
   "source": [
    "D_1 = [3, 7, 8, 9]\n",
    "D_2 = [8, 10, 3, 4]\n",
    "D = np.vstack([D_1, D_2])\n",
    "\n",
    "E = D.T\n",
    "print(f'{np.shape(C)} x {np.shape(E)}')\n",
    "F = np.dot(C, E)  #  Matrix x Matrix multiplication\n",
    "print(F)\n",
    "print(np.shape(F))"
   ]
  },
  {
   "cell_type": "code",
   "execution_count": 9,
   "id": "61ffd084-4bbf-42a1-a74a-45be1089b029",
   "metadata": {},
   "outputs": [
    {
     "name": "stdout",
     "output_type": "stream",
     "text": [
      "(2, 4) x (2, 4)\n",
      "[[1 3 5 6]\n",
      " [5 6 1 2]]\n",
      "[[ 3  7  8  9]\n",
      " [ 8 10  3  4]]\n",
      "\n",
      "[[ 3 21 40 54]\n",
      " [40 60  3  8]]\n"
     ]
    }
   ],
   "source": [
    "print(f'{np.shape(C)} x {np.shape(D)}')\n",
    "print(C)\n",
    "print(D)\n",
    "print()\n",
    "G = C * D  # element-wise multiplication - matrix sizes must be equal!!!\n",
    "print(G)"
   ]
  },
  {
   "cell_type": "code",
   "execution_count": 13,
   "id": "b60ff91c-d64f-4a62-8ec2-0e4d2d9f4514",
   "metadata": {},
   "outputs": [
    {
     "name": "stdout",
     "output_type": "stream",
     "text": [
      "[[0. 0. 0. 0.]\n",
      " [0. 0. 0. 0.]\n",
      " [0. 0. 0. 0.]\n",
      " [0. 0. 0. 0.]]\n"
     ]
    }
   ],
   "source": [
    "O = np.zeros((4,4))\n",
    "print(O)"
   ]
  },
  {
   "cell_type": "code",
   "execution_count": 10,
   "id": "fc1ae745-b017-49ec-a502-b400609b09bc",
   "metadata": {},
   "outputs": [
    {
     "name": "stdout",
     "output_type": "stream",
     "text": [
      "[[1. 0. 0. 0.]\n",
      " [0. 1. 0. 0.]\n",
      " [0. 0. 1. 0.]\n",
      " [0. 0. 0. 1.]]\n"
     ]
    }
   ],
   "source": [
    "I = np.eye(4)\n",
    "print(I)"
   ]
  },
  {
   "cell_type": "code",
   "execution_count": 15,
   "id": "ff90f3b8-bbd6-4fc9-af3a-afd5c70b59ae",
   "metadata": {},
   "outputs": [
    {
     "name": "stdout",
     "output_type": "stream",
     "text": [
      "[[1. 3. 5. 6.]\n",
      " [5. 6. 1. 2.]]\n",
      "[[1. 5.]\n",
      " [3. 6.]\n",
      " [5. 1.]\n",
      " [6. 2.]]\n"
     ]
    }
   ],
   "source": [
    "F = np.dot(C, I)\n",
    "print(F)\n",
    "G = np.dot(I, C.T)\n",
    "print(G)"
   ]
  },
  {
   "cell_type": "code",
   "execution_count": 20,
   "id": "15567089-cb6f-45d8-a1bc-b089f3debc43",
   "metadata": {},
   "outputs": [
    {
     "name": "stdout",
     "output_type": "stream",
     "text": [
      "[[ 1  3  5  6]\n",
      " [ 5  6  1  2]\n",
      " [ 3  7  8  9]\n",
      " [ 8 10  3  4]]\n",
      "\n",
      "[[ 1.73333333 -1.93333333 -1.46666667  1.66666667]\n",
      " [-1.66666667  1.66666667  1.33333333 -1.33333333]\n",
      " [ 0.13333333 -2.53333333 -0.26666667  1.66666667]\n",
      " [ 0.6         1.6        -0.2        -1.        ]]\n"
     ]
    }
   ],
   "source": [
    "H = np.vstack((C, D))\n",
    "print(H)\n",
    "print()\n",
    "\n",
    "H_I = np.linalg.inv(H)\n",
    "print(H_I)"
   ]
  },
  {
   "cell_type": "code",
   "execution_count": 21,
   "id": "df055791-d1c3-4edd-9386-4004b2788815",
   "metadata": {},
   "outputs": [
    {
     "name": "stdout",
     "output_type": "stream",
     "text": [
      "[[ 1.00000000e+00  0.00000000e+00 -3.33066907e-16 -6.66133815e-16]\n",
      " [-4.44089210e-16  1.00000000e+00  1.66533454e-16  1.33226763e-15]\n",
      " [-3.33066907e-16  8.88178420e-16  1.00000000e+00 -1.88737914e-15]\n",
      " [-4.44089210e-16  1.77635684e-15  6.66133815e-16  1.00000000e+00]]\n"
     ]
    }
   ],
   "source": [
    "J = np.dot(H, H_I)\n",
    "print(J)"
   ]
  }
 ],
 "metadata": {
  "kernelspec": {
   "display_name": "Python 3 (ipykernel)",
   "language": "python",
   "name": "python3"
  },
  "language_info": {
   "codemirror_mode": {
    "name": "ipython",
    "version": 3
   },
   "file_extension": ".py",
   "mimetype": "text/x-python",
   "name": "python",
   "nbconvert_exporter": "python",
   "pygments_lexer": "ipython3",
   "version": "3.12.3"
  }
 },
 "nbformat": 4,
 "nbformat_minor": 5
}
